0.218582485789
0.683277514958
0.481432087338
0.166569473288
0.971761760547
0.00146924912865
0.133924017651
0.900038101014
0.629760682885
0.507625933102
0.788994560897
0.0261722142493
0.0530081636362
0.367520905379
0.7015008196
0.37143991577
0.481591556522
0.595278013304
0.972149213166
0.061756007191
0.0666466873872
0.921209121807
0.371763688505
0.559100498341
0.0734017066432
0.34141708842
0.312806423061
0.967212845677
0.937891985149
0.341844235029
0.0620611648159
0.596997981428
0.741119759418
0.48099079656
0.115108261366
0.0598813754693
0.121084289549
0.138094228727
0.371685989567
0.696019814916
0.781906966074
0.56010363984
0.756569038033
0.796412095001
0.697704985767
0.258042613168
0.471953939935
0.393415327913
0.771161403419
0.367027577068
0.0664886102023
0.616707838214
0.962913948803
0.795814125027
0.259832590162
0.39595730175
0.943228784978
0.211409541778
0.741387445475
0.320291346628
0.335693822425
0.677394814476
0.542436743625
0.891020175144
0.125148775978
0.433615002293
0.137879704409
0.866434905302
0.288964748986
0.451775277434
0.719028113953
0.605910118105
0.575310916997
0.460970224687
0.953203431717
0.465655050373
0.325938234753
0.283333026169
0.765523262831
0.4949211071
0.200684030771
0.206846882869
0.973174547611
0.530126050993
0.713049362739
0.978422990325
0.621665773068
0.919748873064
0.0744584861691
0.423863218367
0.946356954857
0.913417192929
0.705524679484
0.542090946373
0.977137429638
0.063857472527
0.489521057321
0.892340269619
0.76561435873
0.248366666471
